1586981518;16340;17642;3871
1586981876;17557;19040;3842
1586981954;17965;19546;3830
1586982601;22462;25034;3755
1586984401;34303;39351;3595
1586986202;44857;53418;3479
1586988001;53035;65000;3373
1586989802;60873;75449;3299
1586991601;67100;84352;3212
1586993402;75371;96487;3047
1586995201;83911;108565;2909
1586997002;92092;120392;2759
1586998801;98880;130968;2651
1587000601;105191;140475;2548
1587002402;112123;151221;2405
1587004201;118512;159891;2324
1587006001;123687;168646;2224
1587007802;130272;176459;2088
1587009601;134482;182280;2004
1587011401;138566;188323;1933
1587013202;141447;193553;1877
1587015001;144759;198131;1837
1587016801;146901;200681;1813
1587018602;149153;204507;1759
1587020401;150298;206402;1733
1587022202;151180;208013;1715
1587024001;151835;209132;1700
1587025801;153956;211539;1690
1587027602;154854;213629;1664
1587029401;155164;214162;1648
1587031201;155513;214809;1627
1587031579;155662;215096;1617
1587031688;155662;215096;1617
1587033002;155662;215096;1617
1587034801;155662;215096;1617
1587036602;155662;215096;1617
1587038402;155662;215096;1617
1587040201;155662;215096;1617
1587042002;155662;215096;1617
1587043801;155662;215096;1617
1587045602;155662;215096;1617
1587047401;155662;215096;1617
1587049201;155662;215096;1617
1587051002;155662;215096;1617
1587052801;155662;215096;1617
1587054602;155662;215096;1617
1587056401;155662;215096;1617
1587058202;155662;215096;1617
1587060001;155662;215096;1617
1587061802;155662;215096;1617
1587063601;155662;215096;1617
1587065402;155662;215096;1617
1587066136;155662;215096;1617
1587067201;155662;215096;1617
1587069001;155662;215096;1617
1587070802;155662;215096;1617
1587072601;155662;215096;1617
1587074401;155662;215096;1617
1587076201;155662;215096;1617
1587078002;155662;215096;1617
1587079801;155662;215096;1617
1587081602;155662;215096;1617
1587083401;155662;215096;1617
1587085202;155662;215096;1617
1587087001;155662;215096;1617
1587088802;155662;215096;1617
1587090601;155662;215096;1617
1587092401;155662;215096;1617
1587094201;155662;215096;1617
1587096001;155662;215096;1617
1587097802;155662;215096;1617
1587099601;155662;215096;1617
1587101402;155662;215096;1617
1587103201;155662;215096;1617
1587105001;155662;215096;1617
1587106802;155662;215096;1617
1587108601;155662;215096;1617
1587110401;155662;215096;1617
1587112202;155662;215096;1617
1587114001;155662;215096;1617
1587115802;155662;215096;1617
1587117601;155662;215096;1617
1587119402;155662;215096;1617
1587121201;155662;215096;1617
1587123002;155662;215096;1617
1587124801;155662;215096;1617
1587126602;155662;215096;1617
1587128401;155662;215096;1617
1587130201;155662;215096;1617
1587132002;156031;215554;1616
1587133801;157186;218048;1611
1587135601;158098;219556;1599
1587137402;159094;220744;1585
1587139201;159986;222147;1561
1587141002;160951;223946;1542
1587142801;161487;225291;1517
1587143017;161520;225291;1517
1587144603;162157;227128;1502
1587146401;163314;228888;1493
1587148201;164125;230674;1485
1587148381;164188;230779;1483
1587150001;164818;232330;1468
1587151801;165692;233856;1455
1587153602;166739;235520;1446
1587155401;167406;236976;1427
1587157202;168794;238848;1419
1587159001;169495;240426;1403
1587160802;170502;242278;1396
1587162602;171159;243904;1390
1587164401;172133;245087;1382
1587166201;172737;247067;1373
1587168002;173413;248719;1355
1587169801;173973;250235;1340
1587171601;174854;251938;1327
1587173402;175299;253406;1321
1587175201;175740;254789;1308
1587177001;176230;256258;1302
1587178802;176696;257603;1297
1587180601;177326;258662;1286
1587182402;177722;259418;1276
1587184201;178453;260841;1269
1587186001;179552;262722;1260
1587187802;179947;264155;1251
1587189601;180472;265745;1235
1587191403;181231;267123;1218
1587193203;181987;268569;1210
1587195001;182745;269563;1204
1587196801;183567;271482;1187
1587198601;184438;273061;1169
1587200401;185144;274654;1155
1587202202;185992;276270;1142
1587204001;186347;277300;1132
1587205802;186945;278504;1127
1587207601;187894;280175;1113
1587209401;188718;281571;1105
1587211201;189475;283085;1098
1587213002;190222;284519;1092
1587214801;190785;285979;1084
1587215241;190820;286393;1083
1587216602;191285;287422;1078
1587218401;191774;288994;1063
1587220201;192312;289947;1058
1587222002;193020;291554;1048
1587223801;193523;292692;1038
1587225602;194014;293734;1023
1587227401;194582;295128;1019
1587229201;194969;296380;1010
1587231002;195360;297377;999
1587232801;195681;298587;990
1587234602;195909;299461;982
1587236401;196129;300497;979
1587238202;196486;301429;969
1587240001;196960;302599;952
1587241801;197255;303741;947
1587243602;197647;304636;939
1587245401;197945;305568;928
1587247202;198361;306385;918
1587249001;198539;307271;912
1587250801;198843;308415;895
1587252602;199745;309770;888
1587254401;200202;310686;879
1587256202;200509;311675;867
1587258001;200723;312737;858
1587259801;201483;314038;843
1587261602;201880;315140;830
1587263401;202257;316327;825
1587265202;202729;317109;821
1587267001;203070;318603;817
1587268802;203358;318843;815
1587270601;203755;320558;807
1587272401;204086;321576;798
1587274202;204357;322648;793
1587276001;204841;323645;783
1587277802;204957;324285;777
1587279602;205209;325146;763
1587281401;205308;325460;760
1587283202;205308;325460;760
1587285001;205308;325460;760
1587286801;205308;325460;760
1587288522;205660;326565;1193
1587288526;205660;326585;1193
1587288602;205763;327051;1406
1587289474;206368;329246;2793
1587290401;206780;331716;3440
1587292202;208192;336279;5169
1587294001;209756;340466;7291
1587295802;211143;345376;8382
1587297601;212872;350998;10737
1587299402;214729;356169;12768
1587301201;216726;361360;14553
1587303002;217980;365944;17443
1587304801;219331;371027;18967
1587306602;220811;376101;20397
1587307269;221601;377844;21069
1587308401;222456;380671;21947
1587310202;223482;384615;23265
1587310259;223554;384924;23341
1587312001;225725;390491;25643
1587313802;227650;395530;28178
1587315601;229373;400813;29786
1587317402;229373;400813;29786
1587317455;229373;400813;29786
1587317846;229407;400894;29774
1587319201;230821;403748;29646
1587321002;232086;407168;29497
1587322801;233334;410402;29303
1587323663;234258;412191;29245
1587324602;235317;414858;29195
1587326401;236685;417670;29045
1587328202;239176;421994;28925
1587328937;239991;424132;28882
1587329285;240087;424609;28860
1587330001;241275;426240;28819
1587331802;242869;430353;28713
1587333601;244179;433195;28555
1587335401;245410;436675;28394
1587337202;246292;439071;28241
1587339002;247208;441679;28171
1587340802;248260;444411;28042
1587342601;248894;446023;27889
1587344401;250609;449177;27775
1587346202;251459;450910;27710
1587348002;252109;453035;27593
1587349802;253048;455032;27487
1587351601;253972;456912;27398
1587353402;255110;459121;27309
1587355202;256778;461923;27237
1587357002;257328;463572;27173
1587358802;258521;466313;27081
1587360602;259194;468033;26989
1587362402;259661;469421;26893
1587364202;260627;471084;26852
1587366001;260852;471611;26818
1587367802;261477;473016;26794
1587369602;262386;474990;26748
1587371401;263438;477902;26703
1587373201;264027;478903;26681
1587375002;264485;479758;26635
1587375523;264582;479794;26634
1587375632;264582;480132;26634
1587376224;264877;480501;26622
1587376311;264892;480554;26621
1587376801;265021;480792;26598
1587378601;265306;481487;26575
1587378704;265318;481503;26572
1587380402;265320;481525;26570
1587382202;265320;481525;26570
1587384002;265320;481525;26570
1587385801;265320;481525;26570
1587387601;265320;481525;26570
1587389402;265320;481525;26570
1587391202;265320;481525;26570
1587393001;265320;481525;26570
1587394801;265320;481525;26570
1587396601;265320;481525;26570
1587398402;265320;481525;26570
1587400202;265320;481525;26570
1587402001;265320;481525;26570
1587403801;265320;481525;26570
1587405602;265320;481525;26570
1587407402;265320;481525;26570
1587409201;265320;481525;26570
1587411001;265320;481525;26570
1587412802;265320;481525;26570
1587414602;265320;481525;26570
1587416402;265320;481525;26570
1587418201;265320;481525;26570
1587420001;265320;481525;26570
1587421802;265320;481525;26570
1587423602;265320;481525;26570
1587425402;265320;481525;26570
1587427201;265320;481525;26570
1587429001;265320;481525;26570
1587430802;265320;481525;26570
1587432602;265320;481525;26570
1587434401;265320;481525;26570
1587436201;265320;481525;26570
1587438002;265320;481525;26570
1587439802;265320;481525;26570
1587441602;265320;481525;26570
1587443402;265320;481525;26570
1587445201;265320;481525;26570
1587447001;265320;481525;26570
1587448802;265320;481525;26570
1587450601;265320;481525;26570
1587452401;265320;481525;26570
1587454202;265320;481525;26570
1587456002;265320;481525;26570
1587457801;265320;481525;26570
1587459601;265320;481525;26570
1587461402;265320;481525;26570
1587463201;265320;481525;26570
1587465002;265320;481525;26570
1587466802;265320;481525;26570
1587468602;265320;481525;26570
1587470401;265320;481525;26570
1587472201;265320;481525;26570
1587474002;265320;481525;26570
1587475802;265320;481525;26570
1587477602;265320;481525;26570
1587479401;265320;481525;26570
1587479907;265379;481591;26557
1587481202;266227;484846;26354
1587481700;266788;486238;26308
1587483002;269647;491086;26145
1587484801;271377;495539;25847
1587486601;273436;501300;25612
1587486688;273628;501521;25602
1587486723;273635;501623;25598
1587488402;275408;506631;25392
1587490201;278244;511779;25254
1587492001;280593;517788;25146
1587493802;282001;522060;24966
1587495602;283484;526506;24781
1587495929;283774;526990;24761
1587497401;285972;531204;24621
1587499201;288627;535833;24437
1587501002;289738;539476;24364
1587502802;292593;545435;24177
1587504601;293909;549649;24011
1587506402;296068;554143;23793
1587508202;298121;559048;23650
1587510002;300724;564645;23419
1587511801;302267;568938;23161
1587513601;304909;574348;22964
1587515402;306554;578604;22732
1587517202;309008;583631;22562
1587519001;311143;588429;22375
1587520802;313035;593483;22200
1587522602;315212;598688;22006
1587524402;317232;602899;21820
1587526201;319023;606406;21699
1587528002;321407;610952;21558
1587529802;323128;614279;21408
1587531601;324424;618239;21254
1587533401;326275;621781;21118
1587535202;327280;623761;21003
1587537001;328759;627272;20896
1587538802;329395;629097;20788
1587540602;330296;631108;20696
1587542401;331253;633364;20646
1587543080;331393;634038;20636
1587543906;331757;634497;20624
1587544201;331895;635174;20612
1587546002;332254;635574;20570
1587547802;332875;637351;20512
1587549601;333352;638600;20428
1587551402;333673;639528;20374
1587552694;333852;640050;20330
1587553202;334239;640649;20304
1587555001;334394;641021;20278
1587556802;335504;642635;20243
1587558602;335701;643242;20228
1587560402;335951;643599;20216
1587561729;336487;644607;20201
1587562201;336487;644607;20201
1587564001;336487;644607;20201
1587564403;336487;644607;20201
1587565801;336487;644607;20201
1587567602;336487;644607;20201
1587569402;336487;644607;20201
1587571202;336487;644607;20201
1587572551;336487;644607;20201
1587573001;336487;644607;20201
1587574801;336487;644607;20201
1587576602;336487;644607;20201
1587578402;336487;644607;20201
1587580202;336487;644607;20201
1587582002;336487;644607;20201
1587583801;336487;644607;20201
1587585601;336487;644607;20201
1587587402;336487;644607;20201
1587589202;336487;644607;20201
1587591002;336487;644607;20201
1587592802;336487;644607;20201
1587594601;336487;644607;20201
1587596401;336487;644607;20201
1587598201;336487;644607;20201
1587600002;336487;644607;20201
1587601802;336487;644607;20201
1587603602;336487;644607;20201
1587605401;336487;644607;20201
1587607201;336487;644607;20201
1587609001;336487;644607;20201
1587610802;336487;644607;20201
1587612602;336487;644607;20201
1587614402;336487;644607;20201
1587616201;336487;644607;20201
1587618001;336487;644607;20201
1587619801;336487;644607;20201
1587621602;336487;644607;20201
1587623402;336487;644607;20201
1587625202;336487;644607;20201
1587627002;336487;644607;20201
1587628801;336487;644607;20201
1587630601;336487;644607;20201
1587632402;336487;644607;20201
1587634202;336487;644607;20201
1587636002;336487;644607;20201
1587637801;336487;644607;20201
1587639601;336487;644607;20201
1587641402;336487;644607;20201
1587643202;336487;644607;20201
1587645002;336487;644607;20201
1587646802;336487;644607;20201
1587648602;336487;644607;20201
1587650401;336487;644607;20201
1587651298;336526;644704;20191
1587651857;337398;646052;20122
1587652201;337702;647211;20070
1587654001;339741;651756;19825
1587655801;341890;656782;19689
1587657602;343481;660873;19512
1587659401;345342;664896;19339
1587661202;347361;669183;19244
1587663002;349730;674310;19130
1587664804;352590;680055;19050
1587665630;354004;681960;18974
1587666602;355147;684513;18915
1587668401;358392;689695;18798
1587670201;361016;693306;18712
1587672001;363284;698835;18603
1587673802;365763;702957;18503
1587673816;365784;703029;18503
1587675602;368369;707574;18356
1587677402;370258;711863;18161
1587679202;372741;716621;17936
1587681002;374957;721855;17780
1587682804;376513;725621;17614
1587684602;378357;730508;17447
1587686402;381003;735190;17280
1587688202;383290;740145;17139
1587690003;384835;744714;17062
1587691802;386783;748368;16866
1587693602;390202;754860;16731
1587695402;393104;760978;16572
1587697202;395337;766266;16488
1587699002;397096;770934;16391
1587700802;399528;776270;16264
1587702601;400792;779835;16188
1587704402;401178;782725;16157
1587706202;401681;783939;16067
1587708002;403101;786714;15949
1587709802;404790;790313;15802
1587711602;406281;792546;15713
1587713402;406988;795289;15657
1587715202;408193;797299;15480
1587717001;409135;798891;15361
1587718801;409813;800208;15296
1587720269;409943;800836;15259
1587720601;410039;800923;15241
1587721365;410053;800945;15237
